%YAML:1.0
depthShift: -2.5963348408150623e+01
