%YAML:1.0
rotation: !!opencv-matrix
   rows: 3
   cols: 3
   dt: d
   data: [ 9.9982479093610277e-01, -3.1124575739947739e-03,
       -1.8458061583722304e-02, 2.7688377417378154e-03,
       9.9982293530792232e-01, -1.8612672290943332e-02,
       1.8512724465575857e-02, 1.8558303804502286e-02,
       9.9965637515736450e-01 ]
translation: !!opencv-matrix
   rows: 3
   cols: 1
   dt: d
   data: [ -2.6038485728844780e-02, 1.4645645356033543e-02,
       -3.9485549270497399e-03 ]
essential: !!opencv-matrix
   rows: 3
   cols: 3
   dt: d
   data: [ 2.8206370500412977e-04, 4.2196541133176979e-03,
       1.4567119589572816e-02, -3.4658197926382920e-03,
       4.9551983845412886e-04, 2.6102420928293932e-02,
       -1.4715175648244270e-02, -2.5988291282572604e-02,
       7.5497602573841637e-04 ]
fundamental: !!opencv-matrix
   rows: 3
   cols: 3
   dt: d
   data: [ -1.4579456089667713e-06, -2.1831666395925300e-05,
       -2.2573005339170865e-02, 1.7901008044784762e-05,
       -2.5618191858924282e-06, -5.3069830403143343e-02,
       7.1558042477824477e-02, 1.6442710956738046e-01, 1. ]
