%YAML:1.0
cameraMatrix: !!opencv-matrix
   rows: 3
   cols: 3
   dt: d
   data: [ 3.6400878553536523e+02, 0., 2.5242074804018219e+02, 0.,
       3.6366034672157718e+02, 2.0461678822246620e+02, 0., 0., 1. ]
distortionCoefficients: !!opencv-matrix
   rows: 1
   cols: 5
   dt: d
   data: [ 1.2704787559313521e-01, -3.6929748159950831e-01,
       -3.0145879184347800e-03, -8.6278608297108816e-04,
       1.6505951891308931e-01 ]
rotation: !!opencv-matrix
   rows: 3
   cols: 3
   dt: d
   data: [ 1., 0., 0., 0., 1., 0., 0., 0., 1. ]
projection: !!opencv-matrix
   rows: 4
   cols: 4
   dt: d
   data: [ 3.6400878553536523e+02, 0., 2.5242074804018219e+02, 0., 0.,
       3.6366034672157718e+02, 2.0461678822246620e+02, 0., 0., 0., 1.,
       0., 0., 0., 0., 1. ]
