%YAML:1.0
cameraMatrix: !!opencv-matrix
   rows: 3
   cols: 3
   dt: d
   data: [ 1.0553195254006635e+03, 0., 9.6568860436690159e+02, 0.,
       1.0561037368695163e+03, 5.6522414156955483e+02, 0., 0., 1. ]
distortionCoefficients: !!opencv-matrix
   rows: 1
   cols: 5
   dt: d
   data: [ 2.1003054022522498e-02, 6.1836270107523423e-03,
       1.9309915893748412e-04, -1.3180552911060646e-04,
       -3.8321113035882516e-02 ]
rotation: !!opencv-matrix
   rows: 3
   cols: 3
   dt: d
   data: [ 1., 0., 0., 0., 1., 0., 0., 0., 1. ]
projection: !!opencv-matrix
   rows: 4
   cols: 4
   dt: d
   data: [ 1.0553195254006635e+03, 0., 9.6568860436690159e+02, 0., 0.,
       1.0561037368695163e+03, 5.6522414156955483e+02, 0., 0., 0., 1.,
       0., 0., 0., 0., 1. ]
